-5.419508570254140977e+03 -2.477110262257284376e+03 -1.965340510739834826e+03 4.754770221987076184e+03 -1.253993983822203290e+03 -3.453880816392864745e+03
-1.828818429234672067e+03 4.283381832268963080e+03 1.028316775988918579e+02 -3.138529881445751926e+02 5.552023694139033694e+01 3.548095366338667134e+01
-2.681272994151175681e+03 3.956227183837084795e+03 6.521486615339536286e+01 -1.872141748398536834e+02 -1.346531510105380391e+02 -4.603197946519514971e+01
8.876134455469973545e+03 -1.654086803165951778e+03 1.841703046120345277e+02 4.708288248921403465e+02 -1.984002780361495979e+03 3.573576160008840361e+02
7.420462324861296111e+03 -1.072725476681211603e+03 -1.758561430229369478e+02 -3.835084720033578378e+02 3.345269572996509396e+03 -1.282026264910580721e+03
-1.974909875158031355e+03 4.419773780400779287e+03 2.215252871130452377e+02 -1.563586467089100722e+02 -9.907456665203071111e+01 3.481962021761719939e+02
5.870207775671685340e+03 -3.276333646260306409e+02 -1.238636876750432805e+02 -3.090045479564855668e+02 3.386783108533076756e+03 -1.368602602546883645e+03
6.314429731331061703e+03 -6.738130886806752642e+02 -2.156867849495755252e+02 -4.460072554520711492e+02 2.323223808644567271e+03 -9.460582296232149702e+02
-6.152279566104333753e+03 -4.066481182943287877e+03 5.370607288131814130e+03 -1.227810595864237257e+03 -3.584502253166551782e+02 -2.716505627088156984e+02
9.252572349788726569e+03 -1.569429295310038469e+03 -2.314381065452035386e+02 -5.817144748824110820e+02 3.492351593804873573e+03 -1.619285890767122282e+03
8.503306452343946148e+03 -1.392867671822153625e+03 1.040963957318218718e+02 4.469706337974312191e+02 -2.137888160940465241e+03 5.844238576007518304e+02
-2.529059893151207234e+03 4.136945885232334149e+03 -3.038251140011191254e+01 -1.526397137993073443e+02 -3.252795720933573875e+02 1.206193439455559968e+02
-6.074374549859124272e+03 -3.792473633570151833e+03 5.533326631524115328e+03 -1.289745241648995943e+03 -7.454719906948487562e+01 -8.276334770367082001e+02
-2.075729333740664060e+03 4.923923007629020503e+03 1.165940346014766646e+02 -1.967565239855971697e+02 -1.496957624135461273e+01 4.952205966710491225e+02
-6.349821689402465381e+03 -4.067993487738927797e+03 -4.414399569876361966e+03 -3.413534429057847774e+03 -7.452889380595590296e+01 5.996289039836816528e+02
7.656120964398070100e+03 -6.341801757089552893e+02 8.471179674600395515e+01 2.744468772917357455e+02 -1.847222538115379848e+03 8.030394523469595924e+02
-5.880322803753014341e+03 -3.890475128346382462e+03 -2.932238321188973984e+01 4.960455649108362195e+03 3.132623569648094417e+03 5.987368041176927363e+03
-5.606888232190652161e+03 -2.932343754517979505e+03 -4.199893456860626429e+03 -2.272693265110160155e+03 -5.319581868036241303e+02 3.035828963033721948e+02
-5.300480451684682521e+03 -2.327717420709381713e+03 -1.980850456391733587e+03 4.526629350863097898e+03 -1.021952281119413897e+03 -3.121553708064491275e+03
1.058195482656325839e+04 -2.175248522712606245e+03 1.535485491338495763e+02 7.762714168477076271e+01 -2.707714246163630378e+03 1.474618325301541745e+03
-6.167811463603840821e+03 -3.843548495905731215e+03 5.178768942498478282e+03 -1.149021579294295179e+03 -3.895061266561721709e+02 -5.282558609398211047e+02
-2.435196413989001485e+03 4.215286042309216100e+03 1.250636159505488081e+02 -5.025401982679587576e+01 -4.829182457722808408e+01 3.445609017677134034e+01
-9.963536258906543708e+02 4.330926372114339756e+03 -1.649621320520375534e+01 -3.968951093755031820e+02 -2.017289906305816771e+02 1.314954797355917435e+02
-2.083049504839033943e+03 4.458164609065181139e+03 4.674110094648467850e+01 5.280800298638970247e+01 -2.615345127919857191e+02 2.206266261782695608e+02
9.928818341636522746e+03 -1.865151854648913968e+03 4.760346886740941130e+01 1.139750871846130025e+02 -1.942703398099442438e+03 1.064099275824082497e+03
-2.343836823817757249e+03 3.275087866441710048e+03 -1.267170151816696233e+02 -1.133289419999954077e+02 -2.540586615856471155e+02 -8.817563473643630800e+01
-6.539873742925265105e+03 -4.327509086879044844e+03 -4.262543284058583595e+03 -3.068763452599405809e+03 -2.117674023582750067e+02 4.543137951328710074e+02
-1.964419258314836952e+03 5.091072126926072997e+03 4.379861635094048324e+02 3.059164275418457279e+01 1.400543876463792401e+02 5.386275709742697018e+02
