1.096469146244451258e+04 -1.232133851953064550e+03 2.610327909098047030e+02 -2.503467431024844814e+02 1.732612415757515464e+03 -2.055700338265696246e+03
-1.731393825094589147e+03 -1.705132047287500882e+03 4.317714992762105339e+02 -2.198953926891412038e+02 -1.854898566265429949e+01 -5.709019506810566327e+02
1.346998479736132310e+02 3.967764092393221290e+03 3.776801310024140548e+03 1.102679302810332956e+03 1.049938578838792154e+02 1.425715637605194388e+02
-1.645551935061168479e+03 -2.337521932009824013e+03 7.291645867725283097e+02 -2.073993546884058219e+02 6.660627626176773219e+02 1.091344132267009712e+02
-7.226457335732669662e+02 2.145197534253163667e+03 -1.726963232435544114e+03 -1.664056444957871008e+03 2.095035263731330417e+02 5.517767428907180829e+02
-2.126251838250328547e+03 -2.253495719880999332e+03 2.322879028016855898e+02 -1.368067933392859459e+02 8.974721911473520208e+01 1.558309141710718677e+02
-4.111272894663275679e+02 3.436342110771381158e+03 1.053738034781912205e+02 -1.147933958965098100e+03 -1.855250774609512291e+03 -1.680906116480667151e+03
-2.170579082405371082e+03 -2.378627564775674728e+03 3.074142581600148674e+02 -1.792864368603604817e+02 3.888635984394377374e+02 1.437088140749597471e+02
-2.063105657754232652e+03 -2.279951489053367368e+03 3.122412373848078460e+02 -7.593906414227660662e+01 -1.042789591895190000e+02 3.562101843179523826e+02
-1.511514706852751942e+03 -2.060766575621664742e+03 5.702982992155833699e+02 -3.450450215055469130e+02 1.204061084296028412e+03 -5.581793557957139456e+02
-7.797587973595186668e+02 9.150617956091634824e+02 -2.273756104049526584e+03 2.718407330282846488e+03 -8.308802156084462354e+01 -1.748112514352441167e+02
-1.771856162389257406e+03 -2.137714504580116227e+03 4.332333269979255306e+02 4.199747311553539362e+02 -1.166940611573337492e+03 3.360548276084336976e+02
-6.834925417285373896e+02 9.921911252619363495e+02 -3.079423618027702105e+03 2.408658544277441706e+03 -2.105122476607313331e+02 -9.866969609562122514e+02
-4.608682610640782968e+02 1.957276407686441871e+03 -1.124589948380472606e+03 -2.070951623832143923e+03 7.686051408665041436e+02 6.036166131209033665e+02
-7.562955111585171153e+02 1.821884033975649800e+03 -1.346651015164483397e+03 -2.149754271326427897e+03 -5.854009075830502979e+02 -2.999548525373664916e+02
-1.927819253716502544e+03 -1.799658491285990522e+03 4.342732502192070569e+02 1.869474017807703206e+02 -6.735393035720020407e+02 1.417361741678380724e+02
1.048104204544983804e+04 -1.314393990229708152e+03 -1.739710253557748558e+02 1.498393613178461692e+02 -1.946961428055869646e+03 2.089181923601327071e+03
-2.449448738201710114e+02 2.432051112948128775e+03 -6.633103076484366056e+02 5.345902510050062801e+02 2.149833409168229537e+03 2.033641466184854607e+03
-2.141605305459230749e+03 -1.721395807582179486e+03 5.281834223260318595e+02 -5.395060104875273765e+01 -6.204577525811516807e+02 -3.038978166876394766e+02
-4.316225807141314021e+02 3.553023761361003380e+03 2.266589563495807397e+03 9.802687838281922268e+02 -4.930402246849357795e+01 -3.241499428570009655e+01
