9.388229301071418149e+02 1.616996784266910254e+03 4.553635117395338057e+02 2.950715104628477548e+03 3.193682955076873441e+03 1.836953233397269969e+03
1.820581639259944140e+01 -3.406349863316054893e+02 -1.824235995854401153e+02 1.803173206671940534e+03 -1.220732703984034970e+03 -2.350126998651986980e+02
-7.713025319112557554e+02 -7.664555099045719544e+02 -1.390253016505444293e+03 5.358483018435651957e+02 -6.438222253969199755e+02 5.795122029225451570e+02
4.524935097672630036e+03 -1.373279375346079632e+03 1.083927844435650059e+03 -9.831700251049712733e+02 1.769990198459798876e+02 1.385788127325240282e+02
-2.105054326607288658e+03 -1.521142840599906322e+03 -6.894798985587854077e+02 -2.408388848916420670e+02 -6.578495479745819239e+02 8.520506251065943388e+02
3.147756760519511090e+02 1.087402465160454540e+03 -3.940034625238545232e+02 5.641708250092927983e+02 -6.129714118063857313e+02 -1.804366069624603369e+03
1.351434637535303693e+02 2.655550083391687167e+03 -1.956606488070139903e+03 -7.478117747724375022e+02 3.386479695288163043e+02 -2.212208258480774475e+03
-7.659215405653669677e+02 -9.032390960140321567e+02 6.986408301582297327e+02 -4.313539748850799924e+02 1.401926619930082097e+03 -1.285797107015628853e+03
-2.483597666405555174e+03 -1.242875885779669261e+03 8.466846480486566406e+02 -7.176704513266815866e+02 1.423743820289927044e+03 -3.846249007040205470e+02
-5.329741169389105835e+02 3.142630268903657907e+03 3.737639863759536638e+03 3.905838301402825152e+01 -2.585725694112925339e+03 2.359111814897330532e+02
-1.841531619822537778e+03 -1.123030697651113314e+03 -8.011003859896102313e+02 -6.701211276228522138e+02 -9.714937256986630700e+02 9.678985171732264803e+01
-6.352887720036280825e+02 -1.725379324797745994e+03 -7.561232845158127702e+02 9.756160484866437628e+02 -3.176487751549676659e+02 8.277481825765866006e+02
-1.704138433647452530e+03 -1.537203082857912932e+03 9.256655694077578573e+02 -9.072944252190268344e+01 -9.045895376982243761e+02 1.500613786417672145e+03
-1.350827531778515549e+03 -3.959971991886010301e+02 9.685749859457072262e+02 -1.035787094085309946e+03 9.630086707595123698e+02 -5.428004578718493178e+01
-1.639416586222191427e+03 -6.168331152202600833e+02 9.251247075650020406e+02 -1.200572816880717937e+03 1.510695559615010097e+03 -1.261551772293701333e+03
6.406183309497390610e+02 -6.912544861642985552e+02 -1.953031292835363956e+03 1.917520191773748138e+03 -1.284496764842263701e+03 -6.438791833889745249e+02
3.202316932146604245e+02 1.388369241749122693e+03 -7.297340268589480274e+02 3.196807597555843472e+02 2.460911088855614821e+02 -4.000597652605472376e+02
3.311888352139970948e+01 3.382274709346403597e+03 -2.042297541001389618e+03 -2.717116081469921482e+03 1.312559844058080216e+02 2.487926959696605081e+03
3.829233053846428447e+03 -1.690945963408074022e+03 2.135824945701911588e+02 -7.835887592149126704e+02 -1.177604222187010237e+02 4.175095072144183064e+02
-1.017855707433528778e+02 1.508490525283761144e+03 9.016150851583478243e+02 1.409938401118203956e+03 1.905385338056402702e+02 -3.424802765784146459e+02
3.176753751135977836e+03 -8.534425148381275221e+02 1.382334556561762611e+02 -8.969607895250582033e+02 -2.594994332555345409e+02 -3.493342642721893867e+02
