-3.971170620037757999e+02 -1.270615003801707644e+03 2.651698362783648918e+03 -2.208450928241987640e+03 -1.183218534730513966e+03 3.001582193116250437e+03
-1.734570022614632080e+03 2.880998646713941071e+03 1.294048388125552549e+02 1.661135829464132485e+03 2.258865449691984750e+01 -3.052302084767644033e+02
4.283695112690711539e+03 -5.760242977479715591e+02 -1.051957050206130134e+03 -2.965631870193692521e+02 4.034965173079828560e+02 4.904409987432232043e+01
-2.083699159474603221e+03 -2.230933289297611282e+03 -2.294279665934005834e+02 -2.914158395727394577e+02 -2.260694135785599599e+02 -1.233264170191476268e+02
-1.648884299240411110e+03 1.778837282861608401e+03 6.250564350010662338e+02 1.559679534185394232e+03 4.416659439143161308e+02 1.047094463791377393e+03
3.885396385145116255e+03 -3.529469864803831456e+02 -1.626274022642030786e+03 1.007324514518929959e+03 -1.864212780532412353e+03 -1.118168586233261294e+03
3.794186968049200459e+03 3.518132742253243350e+02 3.223390419810370076e+03 -3.201346131893415077e+02 -3.994986172842595238e+02 -1.115375658632282239e+03
-1.873576339893615796e+03 -2.173009147480456249e+03 -6.240412054854029975e+02 -3.007466125936608137e+02 3.744079723219541478e+01 -5.065558796910135015e+02
-1.777560948707456191e+03 -2.292433957914841812e+03 -2.931062933776762520e+02 4.299719312306321228e+01 1.228644615521418615e+02 -4.554920790822143886e+02
-1.905502636196652247e+03 3.241703743281287643e+03 -5.304682592138605912e+01 -1.116496654287757565e+03 -7.164617086799059962e+02 3.196762444048931116e+02
-2.130740462226363888e+03 -2.112230587867168197e+03 1.946549629784483102e+02 1.871908868515208439e+02 2.740767019732014660e+02 -2.608302775605628199e+02
-1.930264027243394821e+03 -2.493701456689820589e+03 -6.704950629152720865e+01 2.162979595279500131e+02 1.687908257734151789e+02 -5.397679537366636850e+02
-1.712756906314951493e+03 -2.405771415822758627e+03 -1.875947324381268544e+00 2.629015017468648807e+01 1.581824200098269557e+02 -2.169135654822208608e+02
-2.441678419595407377e+03 2.162455612911076969e+03 4.409085091077562311e+02 2.822411359939595968e+03 1.938923090742922568e+03 9.337584559082094984e+02
-1.620752226724028787e+03 -2.423243787547434295e+03 -2.207867204208549765e+02 1.804150653374128410e+02 -2.855483073934476010e+02 -4.338150373666287010e+02
-1.476379786216443563e+03 2.406605405760665690e+03 -2.274582953676144541e+02 -2.448218015629795161e+02 6.526835360660004426e+02 1.477930213521607357e+02
-2.828667742923776586e+03 -1.907160147454942717e+03 -5.385187377026642253e+01 -4.440457056180399036e+02 1.136489099856707696e+02 -3.255450090603175681e+02
3.012793146172352863e+03 -3.545144684090927854e+02 -1.015622767806316915e+02 -4.999515366494416639e+02 3.375363666485607155e+02 1.671931808848934907e+03
-1.210255032269302546e+03 3.604993114708987378e+03 -2.952710148434789517e+02 -1.929342957873922160e+03 -7.970513120246773724e+02 -1.830722887687337106e+03
3.800494912459490024e+03 -3.080203737304638594e+02 -1.972632791263002218e+03 4.484467499729266819e+02 5.553843558508325486e+02 1.076452414569463826e+03
3.853783354311290623e+03 6.617888463124469354e+02 6.671652037283445225e+02 -1.835991990672475367e+03 3.845491601336208532e+03 -1.169542728514021519e+03
-5.373905152359342310e+02 2.724937259782408546e+03 -1.769264356504995703e+03 -1.252382546487781156e+03 -1.177028313581160091e+03 -5.314492707730066741e+02
3.117491732189213963e+03 -1.804920231195993097e+00 2.697207823709056811e+03 2.121407101574689477e+03 -1.428539159378554132e+03 -1.534232686750469156e+03
2.992529909490263890e+03 -4.186851606990501296e+02 -7.168407000715260438e+02 4.060782155081220139e+02 -4.848087064873778900e+02 1.060682307608441761e+03
2.602651019924755474e+03 -7.726793587516309572e+02 -1.260112740504250951e+03 5.973545974371719467e+02 -3.580528840178311043e+02 9.402777123736254907e+02
-9.693024572053842576e+02 2.536905857170128911e+03 -2.257488216254061797e+01 5.691086914118774587e+01 -7.545325244348014166e+02 1.073130269598843597e+03
-1.478471313882188269e+03 2.100101804977934080e+03 -2.526069803590826268e+01 -4.363176532179292622e+02 3.055254479744929768e+02 -1.992591856219146962e+02
-1.585453182464061001e+03 -2.357366488779278825e+03 -1.709138836423993624e+01 -1.572779997693607470e+02 2.967226312587831103e+02 -6.551955597586263593e+02
