-3.223871371305776847e+03 2.071949715837185977e+03 1.454763388695233175e+02 1.404743932843737184e+02 -8.221313492292230194e+02 -1.087282875415051876e+03
4.525352550345062809e+03 4.911990578864086956e+02 -2.315722777134662920e+02 3.750484567075744735e+02 1.366325816355356437e+02 1.335303804648543746e+03
-4.287825359163459325e+03 2.725737773298190859e+03 -2.343265943246260363e+01 -2.640871003572993686e+03 -1.147326107210842565e+03 8.393533950411649585e+02
4.401577115027644140e+03 -3.262200562836209201e+02 3.142065140003579700e+02 -3.286719092393075243e+02 -3.042213945554336760e+02 -1.092745131313514094e+03
5.388934512071899917e+03 -2.603995163326237048e+02 -3.433053279223456684e+02 1.117418558873883327e+01 -2.788296862878932814e+01 -2.553281429948645211e+02
-4.977779564925184786e+03 -1.411937162931130615e+03 4.864285398065148911e+03 3.659489600750325280e+03 -9.261472067936128383e+01 -2.011042170813339691e+00
-4.204816185943624987e+03 2.419838139602326919e+03 1.082313239205591344e+03 -1.212361516587949154e+03 -1.708760724115085623e+03 7.655587122929099451e+02
4.695571929163685127e+03 -1.070717361415995015e+02 -1.953012143218266488e+02 -1.634342811417375856e+02 -1.442388070781413489e+02 -4.604954601609424572e+02
-5.616118466994109440e+03 -4.102866252329150484e+03 -2.241032276442786952e+03 1.547494156512589143e+03 -1.595872796475305222e+03 2.394262088938800161e+02
4.792022594702740207e+03 -1.166405515616392449e+03 5.682314785128979793e+02 -5.699620798816102933e+02 -1.597524312356177312e+01 -2.834750287049381768e+03
5.049171429462676315e+03 -3.789653258734749670e+02 4.064232881862197928e+02 -2.076225440926631904e+02 -5.013015300986224076e+01 1.068086701505894638e+02
-5.385534060332199260e+03 -8.586868575989865349e+02 2.450425988241116556e+03 -1.383251393869973754e+03 4.226544857062915071e+03 6.728003047915660773e+01
-4.840569746122428114e+03 -2.971230677742280477e+03 -2.236697865200175784e+03 1.059643987566017586e+03 -1.589652788802567784e+03 -2.776535320260414608e+01
-5.046504483301278924e+03 -2.608990325984224455e+03 -2.432428098012086139e+03 -2.465229686505429072e+03 2.589948527932799607e+03 -9.299444040718722704e+01
6.077037525195622948e+03 -5.458300191950418139e+02 -2.302472148740007754e+02 7.382453038268208729e+02 6.867565992919302289e+02 3.944807512052590027e+03
4.850292556617659102e+03 -2.294019060909838572e+02 2.798831822784732140e+02 -2.299087181613432449e+02 -6.154414122976844226e+01 4.733433665423420962e+02
4.586383444981546745e+03 5.697893653110421752e+01 1.151610600371515574e+02 -3.087532871873038971e+02 -3.074685263058766509e+02 -1.507573808540718574e+03
-4.392162346245066146e+03 1.843746263484387782e+03 8.342773072168635053e+02 -1.593948871881532114e+03 -1.957597348339415475e+03 2.901731917859440841e+02
-2.391162073235416756e+03 5.358555465479896156e+03 -3.126666860694188472e+03 3.572445207885430591e+03 2.185534502860026350e+03 -7.011083506320165952e+02
