4.193571609321373899e+02 3.857838474124666391e+03 -4.151138245173004293e+02 3.608586675796800591e+03 5.467653985934305183e+02 1.116212458558946309e+03
-5.326559417238071319e+02 3.369731028212869205e+03 6.087580427071220583e+02 -1.878421980592606133e+03 -2.995825888102332897e+02 -1.467909374563649294e+02
-3.321546370433448828e+03 -2.022969023033511576e+03 3.505962898207729239e+01 4.996610458250783893e+01 3.275446715660737482e+03 -4.494087934315843427e+02
-3.042476403168834167e+03 -1.542175644859465592e+03 3.277720040329853646e+02 6.048081678498131168e+02 -1.219733548601322354e+03 1.047767608773664847e+02
3.104252659082124410e+03 -1.788365302820352781e+03 -1.665769369041965774e+03 -2.729388039202111713e+02 -1.578405405866097340e+02 -1.282980382592421165e+03
3.503359157056338063e+03 -1.626750426199632557e+03 -2.404403979859132221e+02 -5.720952259390029440e+02 2.799581088103537923e+02 2.047545652537488195e+03
3.201577302174584929e+03 -1.215303385555421528e+03 -1.420809250337667436e+03 -5.132414477552590881e+01 -2.699058110752927178e+02 -2.134032366774796685e+02
-7.013346945000557753e+02 3.103910413171384789e+03 -1.418688825820818522e+02 -2.022819256722534874e+03 -4.477588017813072270e+02 -2.837725624818739334e+02
2.813805356966417548e+03 -1.506842523780007696e+03 -1.531826576774417845e+03 -1.916549698117224807e+02 3.191923497224416337e+02 8.494506152756530355e+02
3.410780940419152557e+03 -1.405725685457672171e+03 -5.829415818077794711e+02 -7.313236063625016641e+02 2.800059485207423791e+02 2.287454185460535427e+03
-3.416502537694243983e+03 -2.407815907329508718e+03 -8.834236085357458990e+01 3.446604734996374191e+02 -8.911189582199498318e+02 9.611493696152146526e+01
3.071907982767112571e+03 -1.348487911247356351e+03 -1.408068224786169367e+03 -4.325976475638963734e+02 2.554118529385279430e+02 1.184499395912052023e+03
-3.801838427198906629e+03 -2.095631641636576205e+03 1.938515810446129350e+01 2.352839494659321531e+02 -1.310304818555323664e+03 2.852899250659815493e+02
3.123532756365265413e+03 -1.613935370729203896e+03 -1.347883505232813604e+03 -1.133839981167370610e+02 -3.544741302049923775e+02 -1.685588873225391126e+03
3.755665550063315095e+03 -1.604415618281635489e+03 -5.679603070110430281e+02 -3.946265291893326435e+02 -3.558491968519595616e+02 -1.074150957275310930e+03
3.057890986535428510e+03 -1.397051555041070969e+03 -1.514558547891405624e+03 -3.009660799236734263e+01 -3.425257821713179851e+02 -1.785196895833276812e+03
-8.285854008647911542e+02 3.277081500654124739e+03 3.168503008255476630e+02 -2.248676987459401062e+03 -2.958330596309451153e+02 5.646316729249184618e+02
-3.880165108546347255e+03 -1.902995043682086362e+03 -3.825389749737654910e+01 3.842506776174786864e+02 -1.105017403943224053e+03 2.788840462084598357e+02
-6.305704498340470536e+02 3.779590778289320951e+03 5.686884077245429125e+02 -1.491771558688347341e+03 8.969654397630824860e+02 -1.320230250238494591e+03
4.689958181787536660e+02 4.316668718275842366e+03 -6.480238679379748419e+02 4.115691886404683828e+03 3.791005377921884474e+02 2.553028050322343461e+02
-3.430452139089831689e+03 -2.104573982464596156e+03 2.437465208982604281e+02 -8.207148878178512064e+01 1.389284266409273869e+03 -3.106328758586093386e+02
-3.585287984446234532e+03 -2.104285721589481000e+03 2.262708966066972494e+02 6.591523456475182456e+02 -1.325380866139578757e+03 2.204597744129807211e+02
4.652749152900541048e+03 -2.070805600368036721e+03 8.142641681755125319e+03 1.069081495120977252e+03 -8.543895562077619843e+01 -3.216998565594539627e+02
-9.255713212520321349e+02 3.905496612538207046e+03 6.436171614050463177e+02 -2.796644963206033481e+03 -2.123109672822793641e+02 1.041874878895042116e+02
-5.700129585345960095e+02 3.646841514896775152e+03 6.508772531828846013e+02 -2.241570310129953668e+03 -1.412577944919875392e+02 4.197658839035777874e+02
-2.636208110164254776e+03 -1.569168930109281519e+03 1.163705396023248255e+02 2.401984081584118087e+02 2.655925192113462344e+03 -1.947257616967951321e+02
4.428337353018060298e+02 4.376147719110165781e+03 -4.358797475924098990e+02 3.809717830773853166e+03 -6.703526878903762736e+02 -7.734438057631763286e+02
-3.723500711291560492e+03 -2.306007485088457997e+03 1.477027460228253801e+02 4.306200643343474326e+02 -7.933698984666978049e+02 2.744958806897442827e+01
