3.419338699494952380e+03 -8.335603091975611960e+02 1.712435929492857667e+03 -8.946697249161146601e+02 1.103311083633982662e+03 -2.103778749521191003e+02
3.276110300924867261e+03 -1.118714940816623312e+03 -3.228596391480067496e+02 3.098817428596982609e+03 -1.249210703455776638e+03 -2.057585638399320487e+03
3.737502958472648061e+03 -7.622826440957703653e+02 -2.771141488145260610e+03 -1.755824995923312144e+03 -2.010841018326929998e+03 -4.064656166849525789e+02
-3.388584120482456910e+03 -8.856163798446298188e+02 -3.601753718064236409e+02 -3.757011651775229097e+02 2.009624324778737616e+02 -4.604132247858081683e+01
-3.353132724279943886e+03 -4.249331901303394829e+02 5.284478685117446162e+01 4.399242447602807147e+02 2.932790529584367505e+02 6.164014316528082418e+02
3.764251545067679217e+03 -5.590589339485594564e+02 -1.016542371112479941e+03 -1.561857267618509923e+03 1.495534677293684808e+03 -3.312987041355155071e+01
-2.996507600467042266e+03 -5.729623023139630504e+02 1.433333189719312486e+02 -3.513016059654070489e+01 -4.488252348423832814e+02 3.662991754969791032e+02
-3.313705860598491199e+03 -4.854261089836836618e+02 3.615552966064192333e+02 1.635074575276188398e+02 -3.050089553610870041e+01 8.171861952065938794e+01
-3.288338842974344516e+03 -7.996328581952998320e+02 3.393621793858511637e+02 2.245242509184636788e+02 1.353860062810217357e+02 1.759002465902540564e+02
-3.091584721198095394e+03 -5.964288887394826588e+02 1.590639119502298229e+02 3.654147428237914141e+02 5.701473424267966266e+02 -4.312970702254932576e+02
1.098141265680413312e+02 4.014813613364674438e+03 -5.237900989427223521e+02 -2.444603651430978459e+02 -3.674142620980416041e+02 -2.168255550064351667e+02
3.402565768214064519e+03 -7.047421608633630967e+02 2.941857904226450046e+03 -8.632527072132230614e+02 -1.841743974853459576e+03 2.940744405966976842e+02
3.278822473700013688e+03 -2.237494152508090792e+02 -7.334072841832739869e+02 1.373943407206266784e+03 1.367184403258517477e+03 2.679521948187694761e+03
3.059892274761090448e+03 -4.117813963318058086e+02 -2.103860489054848131e+02 2.455229506192801239e+02 2.359063204562658029e+03 -2.028277327727753573e+03
-4.573000204652610137e+02 3.620451056854881244e+03 -2.582199867024186233e+02 -5.736049134293797636e+01 -2.993071532317592087e+01 2.849069821972274781e+02
-3.320136109254382973e+03 -5.512709431221583145e+02 -9.784676914446540650e+02 -1.063267181463955467e+03 1.790684474881657025e+02 -5.445672743368716056e+02
3.808094734690935184e+03 -5.413682494125674793e+02 1.349358273553749996e+03 -4.494030835386057561e+02 -2.637082312379123437e+02 7.230674686845228507e+02
2.512008411122589223e+03 2.209578623998511659e+02 -1.147412426264584610e+03 1.338357621843484139e+03 -7.231234613590397657e+02 1.416171217735375194e+03
-3.205956438793333746e+03 -6.715117690296372075e+02 1.366270010643492228e+01 -5.831417360732800717e+02 -5.822521174336396825e+02 -2.754803188439806263e+02
-5.365120367815386544e+02 3.537003222947888844e+03 1.167362310563807341e+03 2.267481239969962132e+02 8.281221299247388856e+01 -7.379295261928149330e+02
-3.416642817721993197e+03 -1.250185265291043606e+03 8.156579494640271832e+01 4.073086507139356058e+02 -2.391982489071158682e+02 3.499158645996639052e+02
