-4.738176420920020064e+03 8.615910753070185820e+03 1.672346929088802199e+03 3.729167962408506014e+02 1.020464680374608335e+01 -1.353280217925115778e+02
5.989947902858570160e+03 -5.944653191971902970e+02 -2.879279962869023279e+01 4.974863833007038011e+03 -2.513476132263434920e+03 7.791818362742018778e+00
6.542562609300610347e+03 1.459506120440208008e+02 -2.161817750454269458e+02 5.844527085803999853e+02 -5.282655022308327943e+02 -1.813471289044562127e+02
-5.274259500331517302e+03 -1.256803387719293141e+03 1.383045062952901390e+03 -1.164145814761672455e+03 -1.976870870284574949e+03 -1.405050012691971688e+03
-5.830562511235505553e+03 -7.837830646987603131e+02 6.737775386325398586e+02 -2.233030937312625781e+02 -5.808794553809002537e+02 3.785281113992057271e+03
5.370465882330832756e+03 4.678388251641011948e+02 -2.531306648832662631e+02 -8.182373864794299152e+02 -2.965502217430469614e+02 2.598442687242716431e+00
6.168398488118323257e+03 1.877233151758871657e+02 -2.297987953757813386e+02 -6.656935267476652598e+02 9.782705417711812856e+01 -5.781094846228007356e+01
-5.936610336067986282e+03 5.357851500242667697e+01 -2.274038284164769266e+03 -2.218145347869321142e+02 -1.003948260892164512e+02 -1.144816914338550760e+03
-5.186312523032583158e+03 -1.793538725959678004e+03 2.088554712569567073e+03 2.346470507440655524e+02 2.957897741460884617e+02 1.139168102070201940e+03
6.294987120611431237e+03 -4.618210552524875823e+01 7.432684817608271999e+01 -9.285417990502086241e+02 3.864175840794783312e+02 -8.119014483409026184e+01
-5.783520147977961642e+03 -2.076716941896185745e+03 4.114284085193295141e+03 1.751238247125026191e+03 3.002365180382661947e+03 -1.360631212476145492e+03
6.510580060956304806e+03 -1.413009108193786290e+02 1.213756092607707870e+02 -6.766238957303100960e+02 8.943138432587227271e+02 3.498679325742410242e+02
-5.693220230725391957e+03 -1.335119813958596524e+03 1.452222871725424966e+03 -2.121051810072105127e+03 -2.924893687907006552e+03 -8.770403837291931950e+02
-6.149224248305969923e+03 -7.553457811173074106e+02 -3.196328702983274979e+03 7.604605087875124809e+02 9.088674979139487959e+02 -1.139317599824411900e+03
7.173092303953183546e+03 -3.834799016146341728e+02 3.446235985895833664e+01 -4.842250020470953586e+02 6.752887875553678896e+02 -4.599980286587022249e+01
6.106227573531617054e+03 -3.532133140103197206e+02 2.117512963391544645e+02 -6.190552052570616297e+02 8.353154516391008428e+02 8.161128116772933083e+01
-6.015373788541452996e+03 -1.925539923217179421e+02 -2.217882683797080063e+03 2.526848345491956991e+02 9.376715497661795098e+02 1.339601603731932983e+03
-5.418465519591860357e+03 1.007655005999910856e+02 -3.288960770520350707e+03 2.856820624508532660e+02 4.193135678330679070e+02 -2.210825318059454787e+02
5.869463285069376980e+03 1.407357377816951214e+02 -1.210328373988753157e+02 -1.294253972821192974e+03 4.579557583435679931e+02 -5.630559286072250558e+01
