-2.253987812753829076e+03 -1.190886096160603529e+02 1.825185084660692780e+02 -2.620343848364357768e+02 3.176612598807170116e+02 -1.102347814689933045e+02
-2.030790561801212334e+03 -2.955977515803741653e+02 3.145538379422978778e+03 -4.845435170294892941e+02 -8.767934655696957691e+01 -4.717656711663688043e+02
-2.183795278574631993e+03 -2.305086504468357589e+02 -1.673441227573296146e+03 3.748256195676792117e+02 2.760268089095047230e+02 3.185788034504307120e+02
-2.406294071528694076e+03 -2.194967476158063846e+02 -1.219427513237911626e+03 3.253854522620057423e+02 1.495174346369773275e+02 9.323175406131204568e+01
-2.486177542405864187e+03 -1.683452448200942513e+02 -1.135648695378894899e+03 3.862487368126184606e+02 6.028137681364977141e+01 -1.959700600773488333e+01
4.447230439571240822e+03 -7.625503080647565639e+02 -4.988744221302917481e+01 -3.769755882640087066e+02 2.350463684574223862e+03 1.278800341526702766e+02
4.546355121254417099e+03 7.463005849723209622e+02 1.362694892306128907e+02 -3.187111211662007690e+02 3.811697452955362223e+03 -1.274753590820841055e+03
3.670909519140745488e+03 -1.509831503894954722e+03 -1.527796444893097032e+03 -1.692835271045906893e+03 -3.015673470051508957e+03 -7.480151017213644309e+02
-1.830682714606190757e+03 -1.435420281253409769e+02 2.241373198310257067e+03 -6.371248262678354877e+02 -3.841776501752659101e+02 -3.902357976864968805e+02
-2.610798633767164574e+03 -7.042743348692600591e+01 -1.410471886716846029e+03 2.565750321121680031e+02 2.097314407987052505e+02 1.291826592628822254e+02
-2.480422320736005986e+03 -2.207802186782044771e+02 -1.711597148839420015e+03 3.638794098157512735e+02 3.148899564485710130e+02 3.865559443732306590e+02
4.464917146523880547e+03 -4.843933014202136178e+02 -1.495099245570108053e+02 2.116593720138671699e+02 2.283338342260601621e+03 7.954122315929788556e+02
-2.071496399953387936e+03 -3.910610260018216309e+02 2.990536698808562505e+03 -4.016614314824462326e+02 -1.756151275622764274e+02 -3.997439435284371712e+02
3.345989082681101536e+03 -1.062633492513692772e+03 -1.224429531095148832e+03 -1.660911303527025893e+03 -1.901991528956202501e+03 -1.553384295657534267e+03
-1.819752517039472650e+03 -1.344278860978864714e+02 6.489561949545174002e+02 -3.174848805478753206e+02 -4.383635593442168101e+02 -1.954106941290392285e+02
-2.291732681158842752e+03 -2.943598619156414316e+02 -1.395488996893356443e+03 2.561252643795639869e+02 2.364051148719424589e+02 3.294793689628029938e+02
-2.453675344568478522e+03 -1.911677161821384345e+02 -1.506656427221646481e+03 5.143231124723140510e+02 9.673543591148204257e+01 1.188083591451214431e+02
-2.095888858075936241e+03 -2.278138117317434421e+02 2.812236452091572119e+02 -1.097651968757550804e+02 -9.361303415697361174e+01 -8.995574847024693099e+01
-2.094526793492806974e+03 -1.973279656366209167e+02 2.477850189976457841e+03 -5.895723506066738082e+02 -1.019047691719482032e+02 -2.451373321961584395e+02
4.346231811250603641e+03 -1.248742347386039455e+03 2.117369185458880565e+03 2.115212836623943986e+03 -1.084109766226623606e+03 2.822686071742977219e+03
-2.255527858628970080e+03 -3.475807096631022546e+02 1.824107521293786704e+03 -3.145970316135214375e+02 -5.074476452968823281e+01 4.068304121531458151e+01
-2.687166661560985631e+03 -1.264555375990423300e+02 -1.221375704320017348e+03 2.262993498733135027e+02 1.929306713608708037e+02 1.787406602527582322e+02
-2.323706560940818690e+03 -2.805429186968129898e+02 2.828815325588560654e+02 -3.166137347325591236e+02 2.135257667598540650e+02 -1.064684780212540893e+01
-2.449133663484967656e+03 -2.059046144187189213e+02 -1.710112412515348069e+03 3.802767255305727758e+02 2.510921228679279977e+02 2.288178532015479902e+02
1.398083858807404795e+03 8.752050502288433563e+03 -7.328685247720829921e+01 -1.009854654122950819e+03 -8.773505409217167426e+02 9.114080743745620339e+02
5.735461168217176237e+03 -3.650977381939158590e+02 -1.645229219295640917e+02 -2.543006591348418624e+03 -3.752948756711326723e+02 -2.123688749165022273e+03
5.027000288226692646e+03 -1.154625792515675812e+03 -3.900526357969641253e+02 -3.386874314327093316e+02 -9.152168752431953180e+02 3.673412355258823936e+03
3.843377839405006398e+03 9.539521290416648753e+02 2.350812219686196727e+02 5.963568403436013796e+03 -1.262561560482758068e+03 -2.522307651227075894e+03
