-2.764863385836418274e+03 1.879816472358630719e+01 2.402285599456453156e+02 -2.515824354294441491e+03 -1.424610125201387973e+03 2.630735727799023152e+03
2.264378524844260482e+03 -7.530882404005232047e+02 3.154730857158577237e+03 5.527080548443383350e+02 -1.123019200445299703e+03 1.483161374421476637e+02
-1.125554136278083206e+03 4.511300072536865713e+00 -1.378991935499972897e+03 2.249706903004298965e+03 -6.349361987013277258e+02 1.383781486108108993e+03
-1.417174095704120646e+03 8.433820940749332067e+02 9.437400854832671939e+02 -1.186594707527655828e+03 2.510611689784306691e+03 1.847047175319030657e+03
-8.285047991617549314e+02 -2.301255367294783355e+03 8.822384069376928437e+02 3.155986237573771405e+02 1.342929956756708634e+03 -9.447573614924722563e+01
-1.081856639730420056e+03 -2.178609217463916593e+03 -5.265893473840569641e+02 -4.245239436099585362e+01 -1.427084524588211139e+02 -9.504361924267120685e+02
-1.238837000388907427e+03 -1.316328499638998437e+03 -1.652269405973808034e+02 -3.441023896139917042e+02 7.960535455006349537e+01 -7.078321313945301654e+02
-1.155327642591015774e+03 -1.625963083112773802e+03 -8.539326384423441141e+01 -1.476402865813329157e+01 -1.282884710868378988e+03 -4.847380755442005551e+01
-1.063119496651202553e+03 -1.967819408333275987e+03 -6.393654275314646611e+02 -4.388881562792771263e+01 -3.187247785877735140e+01 -9.978721698910183022e+02
-1.220255341654028371e+03 9.075585684361656149e+02 5.208742207315566475e+02 -8.945715764042845421e+02 1.986185394899090966e+02 5.056092682044815945e+01
-6.008328165320161816e+02 -3.644991375555673585e+01 -1.222689792367381187e+03 2.946376433929069208e+03 2.973873188339461038e+01 1.619765579769081796e+03
-1.111372748902204876e+03 -1.697545134497946265e+03 -5.708162314354453883e+02 -4.743016319370210567e+02 3.268133098317093186e+02 -8.005551671752157290e+02
-9.729115421029335948e+02 2.048267275734527630e+03 3.440042758171073274e+02 6.407199034046071802e+02 1.353832129806201294e+02 -2.685619420117459981e+02
3.292012417777663359e+03 2.553835787086622418e+02 -7.096033918572585435e+02 -1.023696507269365270e+02 1.394034011440112408e+02 5.472755277468570512e+02
-1.554349898142275151e+03 2.476186778235786278e+03 -3.220041178713643149e+01 -3.163023578583812778e+01 1.855653423617924034e+02 -6.529314650677245027e+02
-7.427256012284606186e+02 -2.180278239881711670e+03 9.184968856368128627e+02 2.343961362599623044e+02 1.413098983684595851e+03 1.950742413362223715e+02
-2.425201068308799222e+03 2.693774660874070833e+03 3.089799420012654423e+02 3.999810343229569298e+02 -6.560091373804492605e+02 -1.284638288913846054e+03
-1.043544748365019132e+03 -1.648943575275053490e+03 -9.050777073129310679e+01 8.190552285128449128e+00 8.706000026313600415e+01 -2.376395643629965662e+02
4.153134772210617484e+03 7.862840450555986536e+02 3.454419033227990354e+01 -1.017154320302094447e+03 -6.954480609574201253e+02 -6.212647308488983100e+01
3.284220102758091798e+03 4.171963581067090558e+02 -2.091425960902393854e+03 -1.190378068802657481e+03 -6.197532719335468343e+00 3.688192846623316541e+02
-1.239588815960048350e+03 -1.502641999122070729e+03 -7.143089098491579136e+01 4.248260934732421390e+01 -1.409035360936160032e+03 -1.402071185093331849e+02
2.338150218661312920e+03 -1.801940058758676457e+02 -1.080910826170383643e+03 -2.707181363008793937e+02 3.663856034833219724e+02 -5.447986375663854375e+01
-1.266002491925185723e+03 1.422647438454167286e+03 5.005230635896583067e+02 -7.189585322617926977e+02 3.780987537657713915e+02 -8.586316003818633362e+02
2.583449237284064566e+03 7.990178558475713544e+02 -4.774807191859145519e+02 6.356664849019864505e+02 -3.922686198831436286e+02 4.530905811654872650e+02
-8.617446711713247396e+02 2.542973094022662281e+03 -8.020608053956465255e+00 9.289650904582017574e+02 1.518245508904688450e+03 -3.784855395764955688e+02
-2.032792145633437713e+03 2.024181274723108572e+03 -7.560403387971560960e+02 -4.414543859690504064e+02 -1.407603021785578903e+03 -5.989906851157259098e+02
2.731717300198070916e+03 1.442823970123123445e+02 -1.102279501224612886e+03 -6.858810891286020706e+02 7.728168133752562881e+02 -7.266220929682717724e+02
2.507188422574621200e+03 -5.303949065941393428e+02 -1.619421554686324498e+02 1.984230057905741660e+02 2.851164704617553980e+02 -4.027975332403921698e+02
2.592308089958954497e+03 5.350667071642163819e+02 3.322555026189731961e+03 8.218294853964771391e+02 -5.628987735249270372e+02 2.129070341233301633e+01
